%YAML:1.0
# ------------------------------------------------------------------------------
# IMU Calibration Parameters. Generated by IMUCalibration.exe! 
# ------------------------------------------------------------------------------
# Accelerometer misalignment matrix
acc_misMat: !!opencv-matrix
   rows: 3
   cols: 3
   dt: f
   data: [ 1., 3.69378668e-003, 1.09962455e-003, 0., 1.,
       -1.79076642e-002, 0., 0., 1. ]
# Accelerometer scale
acc_scaleMat: !!opencv-matrix
   rows: 3
   cols: 3
   dt: f
   data: [ 1.01452410e+000, 0., 0., 0., 1.00176895e+000, 0., 0., 0.,
       1.00567377e+000 ]
# Accelerometer bias
acc_bias: !!opencv-matrix
   rows: 3
   cols: 1
   dt: f
   data: [ -2.07941875e-001, -1.31296545e-001, 9.62339267e-002 ]
# Magnetometer misalignment matrix
mag_misMat: !!opencv-matrix
   rows: 3
   cols: 3
   dt: f
   data: [ 1., 1.90800335e-002, 3.21039557e-002, 0., 1.,
       -1.08386511e-002, 0., 0., 1. ]
# Magnetometer scale
mag_scaleMat: !!opencv-matrix
   rows: 3
   cols: 3
   dt: f
   data: [ 9.28398252e-001, 0., 0., 0., 9.46377635e-001, 0., 0., 0.,
       8.86621296e-001 ]
# Magnetometer bias
mag_bias: !!opencv-matrix
   rows: 3
   cols: 1
   dt: f
   data: [ -3.04571148e-002, -1.34926690e-002, 3.36298579e-003 ]
# Gyroscope misalignment matrix
gyro_misMat: !!opencv-matrix
   rows: 3
   cols: 3
   dt: f
   data: [ 1., 2.16739222e-001, -6.78013936e-002, 7.47722238e-002, 1.,
       -5.30932797e-003, 1.90318495e-001, 5.58669306e-003, 1. ]
# Gyroscope scale
gyro_scaleMat: !!opencv-matrix
   rows: 3
   cols: 3
   dt: f
   data: [ 1.21300232e+000, 0., 0., 0., 9.80149150e-001, 0., 0., 0.,
       1.05300665e+000 ]
# Gyroscope bias
gyro_bias: !!opencv-matrix
   rows: 3
   cols: 1
   dt: f
   data: [ -3.38331722e-002, -3.95163102e-003, -1.51898246e-002 ]
